Training feature data is .....
[((0, 1), {0, 2, 4, 6, 8, 10, 12, 14, 16, 18}), ((-1, 1), {1, 3, 5, 7, 9, 11, 13, 15, 17, 19}), ((1, 3), {1705, 90, 506, 1709}), ((-1, 3), {1706, 397, 399, 1429, 91}), ((3, 3), {1428, 396, 398, 391}), ((6, 1), {466}), ((2, 1), {1760, 1761, 1762, 719, 1757, 1758, 1759}), ((1, 1), {749}), ((7, 8), {652}), ((-1, 8), {653}), ((0, 7), {1210, 1212, 1206, 1214}), ((-1, 7), {1215, 1211, 1213, 1207}), ((5, 5), {254}), ((-1, 5), {255}), ((4, 5), {864})]
[((1, 2), {32, 34, 36, 38, 40, 42, 44, 46, 48, 20, 22, 24, 26, 28, 30}), ((-1, 2), {33, 35, 37, 39, 41, 43, 45, 47, 49, 21, 23, 25, 27, 29, 31}), ((3, 2), {965, 966, 1456, 1461, 1462, 535, 1722}), ((3, 6), {450, 452, 428}), ((-1, 6), {453, 451, 429}), ((8, 2), {683, 694}), ((7, 2), {1224, 1225, 1220, 1221}), ((5, 5), {1674, 1676, 286}), ((-1, 5), {1675, 1677, 287}), ((5, 1), {329}), ((-1, 1), {769, 330}), ((3, 3), {402, 1558}), ((-1, 3), {522, 403}), ((7, 8), {658}), ((-1, 8), {659}), ((3, 1), {1370}), ((1, 3), {1520, 521}), ((2, 1), {1802}), ((3, 4), {150}), ((-1, 4), {151}), ((1, 1), {768}), ((1, 7), {802}), ((-1, 7), {803}), ((3, 7), {1847})]
[((2, 1), {64, 66, 68, 70, 72, 74, 76, 78, 80, 50, 82, 52, 84, 54, 86, 56, 58, 60, 62}), ((-1, 1), {65, 67, 69, 71, 73, 75, 77, 79, 81, 51, 83, 53, 85, 55, 87, 57, 59, 61, 63}), ((5, 1), {1688, 1689, 318}), ((1, 3), {361}), ((-1, 3), {362, 1591, 1549, 1551}), ((3, 6), {434}), ((-1, 6), {435}), ((8, 2), {688}), ((-1, 2), {689, 565}), ((3, 3), {1544, 1590, 1548, 1550}), ((3, 2), {564, 1727}), ((6, 1), {495, 494, 487}), ((4, 5), {196}), ((-1, 5), {197}), ((1, 7), {810}), ((-1, 7), {811}), ((7, 4), {848}), ((-1, 4), {849})]
[((1, 3), {96, 98, 100, 102, 122, 104, 106, 108, 120, 110, 112, 124, 114, 116, 118, 88, 90, 92, 94}), ((-1, 3), {97, 121, 99, 101, 103, 105, 107, 123, 109, 111, 113, 115, 117, 125, 119, 89, 91, 93, 95}), ((0, 1), {2}), ((-1, 1), {777, 3}), ((3, 3), {1573, 1574, 391}), ((6, 1), {466}), ((2, 1), {719}), ((1, 1), {776, 749}), ((1, 2), {1786, 1788}), ((-1, 2), {1787, 1789}), ((1, 7), {638}), ((-1, 7), {639})]
[((3, 4), {128, 160, 130, 162, 132, 134, 136, 138, 140, 142, 144, 146, 148, 150, 152, 154, 158, 156, 126}), ((-1, 4), {159, 129, 161, 131, 163, 133, 135, 137, 139, 141, 143, 145, 147, 149, 151, 153, 155, 157, 127}), ((1, 3), {521, 1340}), ((-1, 3), {421, 522, 1842, 1564, 1341}), ((3, 3), {420, 1577, 1841, 1558, 1563}), ((1, 2), {44}), ((-1, 2), {1746, 1748, 45}), ((3, 6), {450}), ((-1, 6), {451}), ((1, 1), {768}), ((-1, 1), {769, 1324, 1326}), ((1, 7), {802}), ((-1, 7), {803}), ((3, 2), {1745, 1747, 965}), ((3, 7), {1847}), ((3, 1), {1323, 1325})]
[((4, 5), {192, 194, 164, 196, 166, 198, 168, 200, 170, 172, 174, 176, 178, 180, 182, 184, 186, 188, 190}), ((-1, 5), {193, 195, 165, 197, 167, 199, 169, 201, 171, 173, 175, 177, 179, 181, 183, 185, 187, 189, 191}), ((3, 1), {1364}), ((-1, 1), {83, 1365}), ((3, 4), {1608, 1602, 1610, 1606}), ((-1, 4), {1603, 1607, 1609, 1611, 849}), ((1, 7), {792, 810, 790}), ((-1, 7), {793, 811, 791}), ((1, 3), {1400, 1398}), ((-1, 3), {1401, 1591, 1399}), ((2, 1), {82}), ((6, 1), {494}), ((3, 2), {564}), ((-1, 2), {565}), ((7, 4), {848}), ((3, 3), {1590})]
[((5, 5), {224, 226, 228, 230, 232, 202, 234, 204, 236, 206, 238, 208, 210, 212, 214, 216, 218, 220, 222}), ((-1, 5), {225, 227, 229, 231, 233, 203, 235, 205, 237, 207, 239, 209, 211, 213, 215, 217, 219, 221, 223}), ((1, 3), {1390}), ((-1, 3), {1423, 1419, 1391}), ((4, 5), {1634, 1635, 1638, 1639, 1640, 1630, 1631}), ((7, 4), {824, 832, 820, 830}), ((-1, 4), {833, 825, 821, 831}), ((3, 3), {1418, 1422}), ((1, 1), {758}), ((-1, 1), {759})]
[((5, 5), {256, 258, 260, 262, 264, 266, 268, 270, 240, 272, 242, 274, 244, 276, 246, 248, 250, 252, 254}), ((-1, 5), {257, 259, 261, 263, 265, 267, 269, 271, 241, 273, 243, 275, 245, 277, 247, 249, 251, 253, 255}), ((4, 5), {864, 865, 866, 854, 855, 860, 861}), ((3, 2), {1448, 1450}), ((-1, 2), {1449, 1451}), ((1, 7), {786}), ((-1, 7), {787, 1213}), ((0, 1), {14}), ((-1, 1), {15}), ((0, 7), {1212}), ((3, 3), {1428, 1438}), ((-1, 3), {1429, 1439}), ((2, 1), {1760})]
[((5, 5), {288, 290, 312, 292, 294, 296, 298, 300, 314, 302, 304, 306, 308, 278, 310, 280, 282, 284, 286}), ((-1, 5), {289, 291, 293, 295, 313, 297, 299, 301, 303, 305, 311, 307, 315, 309, 279, 281, 283, 285, 287}), ((7, 4), {818}), ((-1, 4), {819}), ((1, 2), {1776, 1778, 28}), ((-1, 2), {1777, 1779, 1476, 29}), ((7, 2), {1224}), ((3, 2), {1456, 1475}), ((2, 1), {584, 1492, 1496}), ((-1, 1), {585, 1497, 1493}), ((3, 3), {1055}), ((-1, 3), {1056})]
[((5, 1), {321, 323, 325, 351, 327, 329, 331, 333, 335, 337, 339, 341, 343, 345, 347, 316, 349, 318, 319}), ((-1, 1), {320, 352, 322, 324, 326, 328, 330, 332, 334, 336, 338, 340, 53, 342, 344, 346, 348, 317, 350}), ((2, 1), {1798, 1799, 1802, 1803, 1804, 52}), ((1, 7), {614}), ((-1, 7), {615}), ((3, 1), {1370, 1087}), ((1, 3), {1514, 1520, 1521, 1529, 1531}), ((-1, 3), {1515, 1522, 403, 1530, 1532}), ((1, 2), {34}), ((-1, 2), {35}), ((3, 3), {402}), ((7, 8), {658}), ((-1, 8), {659}), ((8, 2), {694}), ((3, 2), {1461}), ((5, 5), {1674}), ((-1, 5), {872, 1675}), ((4, 5), {871})]
[((1, 3), {353, 385, 355, 387, 357, 359, 361, 363, 365, 367, 112, 369, 371, 373, 375, 377, 379, 381, 383}), ((-1, 3), {384, 354, 386, 356, 388, 358, 360, 362, 364, 366, 368, 113, 370, 372, 374, 376, 378, 380, 382}), ((7, 8), {646}), ((-1, 8), {647}), ((3, 3), {1544, 1545, 1539}), ((2, 1), {58}), ((-1, 1), {1694, 59, 478}), ((3, 6), {434}), ((-1, 6), {435}), ((8, 2), {688}), ((-1, 2), {689, 1732, 1734}), ((5, 1), {1688, 1692, 1693}), ((3, 2), {1731, 1733, 1727}), ((6, 1), {477}), ((1, 7), {620}), ((-1, 7), {621}), ((5, 5), {897}), ((-1, 5), {898})]
[((3, 3), {416, 418, 420, 389, 422, 391, 392, 424, 394, 396, 398, 400, 402, 404, 406, 408, 410, 412, 414}), ((-1, 3), {417, 419, 421, 390, 423, 393, 425, 395, 397, 399, 401, 403, 411, 405, 407, 409, 91, 413, 415}), ((0, 1), {8, 2, 10}), ((-1, 1), {3, 9, 330, 11, 1326}), ((1, 3), {1709, 1520, 1712, 506, 1713, 90}), ((6, 1), {466}), ((2, 1), {1802, 1757, 1758, 719}), ((1, 1), {749}), ((7, 8), {660, 658, 652}), ((-1, 8), {659, 653, 661}), ((0, 7), {1206}), ((-1, 7), {1207}), ((1, 2), {34}), ((-1, 2), {704, 1746, 35}), ((5, 1), {329}), ((8, 2), {694, 703}), ((3, 1), {1370, 1325}), ((3, 2), {1745, 1461}), ((5, 5), {1674}), ((-1, 5), {1675}), ((3, 4), {158}), ((-1, 4), {159})]
[((3, 6), {448, 450, 452, 454, 456, 426, 458, 428, 460, 430, 462, 432, 434, 436, 438, 440, 442, 444, 446}), ((-1, 6), {449, 451, 453, 455, 457, 427, 459, 429, 461, 431, 463, 433, 435, 437, 439, 441, 443, 445, 447}), ((1, 2), {46, 44, 22}), ((-1, 2), {972, 45, 1742, 47, 974, 689, 976, 691, 23}), ((3, 2), {1728, 965, 966, 971, 1741, 973, 975, 535, 1727}), ((8, 2), {688, 690, 683}), ((7, 2), {1220}), ((2, 1), {58, 741}), ((-1, 1), {769, 59, 1093, 742}), ((1, 3), {361, 521}), ((-1, 3), {362, 522}), ((3, 3), {1544, 1558}), ((5, 1), {1688}), ((3, 1), {1092}), ((3, 4), {1624, 1622, 150}), ((-1, 4), {1625, 1623, 151}), ((1, 1), {768}), ((1, 7), {802}), ((-1, 7), {1193, 803, 1853}), ((3, 7), {1192, 1852, 1847})]
[((6, 1), {481, 483, 485, 487, 488, 490, 492, 494, 495, 464, 496, 466, 467, 469, 471, 473, 475, 477, 479}), ((-1, 1), {480, 482, 3, 484, 486, 489, 75, 491, 493, 465, 497, 83, 468, 85, 470, 472, 474, 476, 478}), ((0, 1), {2}), ((1, 3), {90, 1122, 367}), ((-1, 3), {368, 1123, 91, 1591}), ((3, 3), {1590, 391}), ((2, 1), {736, 1769, 74, 719, 82, 84}), ((1, 1), {749}), ((1, 7), {618, 620, 810}), ((-1, 7), {811, 619, 621}), ((5, 1), {1692}), ((3, 2), {1731, 564}), ((-1, 2), {1732, 565}), ((4, 5), {196}), ((-1, 5), {197}), ((7, 4), {848}), ((-1, 4), {849})]
[((1, 3), {513, 515, 517, 519, 521, 523, 525, 527, 529, 498, 531, 500, 502, 504, 506, 507, 120, 509, 511}), ((-1, 3), {512, 121, 514, 516, 518, 520, 522, 524, 397, 526, 528, 530, 499, 532, 501, 503, 505, 508, 510}), ((3, 3), {1153, 937, 938, 396, 1558}), ((7, 8), {648, 652}), ((-1, 8), {649, 653}), ((0, 1), {8}), ((-1, 1), {769, 9, 777, 779, 990}), ((0, 7), {1206}), ((-1, 7), {803, 639, 1207}), ((2, 1), {989, 1757}), ((7, 2), {1228}), ((-1, 2), {1789, 45, 1229, 1791}), ((1, 2), {1790, 44, 1788}), ((3, 4), {150}), ((-1, 4), {151}), ((3, 6), {450}), ((-1, 6), {451}), ((1, 1), {768, 776, 778}), ((1, 7), {802, 638}), ((3, 2), {965}), ((3, 7), {1847})]
[((3, 2), {544, 546, 548, 550, 552, 554, 568, 556, 558, 560, 562, 564, 533, 566, 535, 536, 538, 540, 542}), ((-1, 2), {545, 547, 549, 567, 551, 553, 555, 557, 559, 569, 561, 563, 565, 534, 23, 537, 539, 541, 543}), ((8, 2), {682, 683}), ((1, 2), {22}), ((3, 6), {428}), ((-1, 6), {429}), ((7, 2), {1220}), ((1, 3), {1013}), ((-1, 3), {1014, 1591}), ((2, 1), {1248, 82, 726, 728}), ((-1, 1), {1249, 83, 729, 727}), ((3, 1), {1304}), ((3, 7), {1186}), ((-1, 7), {811, 1187}), ((4, 5), {196}), ((-1, 5), {197}), ((6, 1), {494}), ((1, 7), {810}), ((7, 4), {848}), ((-1, 4), {849}), ((3, 3), {1590})]
[((2, 1), {576, 578, 580, 582, 584, 586, 74, 588, 590, 592, 594, 596, 602, 598, 600, 570, 572, 574, 604}), ((-1, 1), {577, 579, 605, 581, 583, 585, 587, 75, 589, 591, 593, 595, 597, 599, 601, 603, 571, 573, 575}), ((3, 3), {1043, 1055}), ((-1, 3), {1056, 1044}), ((0, 7), {1200}), ((-1, 7), {1201}), ((1, 3), {1274}), ((3, 1), {1299}), ((1, 1), {753, 750}), ((5, 5), {292}), ((-1, 5), {293}), ((1, 2), {1776}), ((-1, 2), {1777}), ((6, 1), {487})]
[((1, 7), {608, 640, 610, 642, 612, 614, 616, 618, 638, 620, 622, 624, 626, 628, 630, 632, 634, 636, 606}), ((-1, 7), {609, 641, 611, 643, 613, 615, 617, 619, 621, 623, 639, 625, 627, 629, 631, 633, 635, 637, 607}), ((5, 1), {323, 1692}), ((-1, 1), {324, 775, 777, 1103, 476, 478}), ((3, 1), {1102, 1087}), ((1, 3), {1029, 1514, 1037, 367, 120}), ((-1, 3), {1030, 1515, 1038, 368, 121}), ((2, 1), {1798}), ((6, 1), {475, 477}), ((3, 2), {1731}), ((-1, 2), {1732, 1789, 1239}), ((7, 2), {1238}), ((1, 1), {776, 774}), ((1, 2), {1788})]
[((7, 8), {672, 674, 644, 676, 646, 678, 648, 680, 650, 652, 654, 656, 658, 660, 662, 664, 666, 668, 670}), ((-1, 8), {673, 675, 645, 677, 647, 679, 649, 681, 651, 653, 655, 657, 659, 661, 663, 665, 667, 669, 671}), ((1, 3), {355, 1146, 1520, 1712, 502, 506}), ((-1, 3), {356, 397, 1074, 403, 405, 503}), ((3, 3), {1539, 396, 1073, 402, 404}), ((0, 1), {8}), ((-1, 1), {9, 330, 1267}), ((0, 7), {1206}), ((-1, 7), {1207}), ((2, 1), {1802, 1266, 1757}), ((1, 2), {34}), ((-1, 2), {35}), ((5, 1), {329}), ((8, 2), {694}), ((3, 1), {1370, 1383}), ((3, 2), {1461}), ((5, 5), {1674}), ((-1, 5), {1675}), ((7, 4), {840, 836}), ((-1, 4), {841, 837})]
[((3, 2), {1728, 1461, 533, 535, 1727}), ((-1, 2), {704, 706, 35, 708, 710, 712, 714, 716, 685, 687, 689, 691, 693, 534, 23, 696, 698, 700, 702}), ((8, 2), {705, 707, 709, 711, 713, 682, 683, 684, 715, 686, 688, 690, 692, 694, 695, 697, 699, 701, 703}), ((1, 2), {34, 22}), ((3, 6), {434, 436, 428}), ((-1, 6), {435, 429, 437}), ((7, 2), {1220}), ((2, 1), {58, 1802}), ((-1, 1), {330, 59}), ((1, 3), {1520, 361}), ((-1, 3), {362, 403, 413}), ((3, 3), {1544, 402, 412}), ((5, 1), {1688, 329}), ((7, 8), {658}), ((-1, 8), {659}), ((3, 1), {1370}), ((5, 5), {1674}), ((-1, 5), {880, 1675, 878}), ((4, 5), {877, 879})]
[((2, 1), {736, 737, 739, 741, 743, 745, 74, 717, 590, 719, 720, 722, 724, 726, 728, 730, 58, 732, 734}), ((-1, 1), {738, 3, 740, 742, 744, 489, 746, 75, 718, 591, 721, 723, 725, 727, 729, 59, 733, 731, 735}), ((0, 1), {2}), ((1, 3), {361, 90}), ((-1, 3), {362, 91}), ((3, 3), {1544, 391}), ((6, 1), {488, 466, 487}), ((1, 1), {749}), ((3, 6), {458, 434}), ((-1, 6), {435, 459}), ((8, 2), {688}), ((-1, 2), {689, 547, 972, 545}), ((5, 1), {1688}), ((3, 2), {544, 546, 971, 1727}), ((3, 7), {1192}), ((-1, 7), {1193}), ((3, 4), {1622}), ((-1, 4), {1623})]
[((1, 1), {768, 770, 772, 774, 776, 778, 747, 780, 749, 750, 751, 753, 754, 756, 758, 760, 762, 764, 766}), ((-1, 1), {769, 579, 3, 771, 773, 775, 777, 779, 748, 781, 752, 755, 767, 757, 759, 761, 763, 765, 575}), ((0, 1), {2}), ((1, 3), {120, 521, 90, 529}), ((-1, 3), {530, 121, 522, 91}), ((3, 3), {1558, 391}), ((6, 1), {466}), ((2, 1), {578, 574, 719}), ((5, 5), {216}), ((-1, 5), {217}), ((7, 4), {830}), ((-1, 4), {151, 831}), ((4, 5), {1638}), ((1, 2), {1790, 44, 1788}), ((-1, 2), {1789, 45, 1791}), ((3, 4), {150}), ((3, 6), {450}), ((-1, 6), {451}), ((1, 7), {802, 636, 638}), ((-1, 7), {803, 637, 639}), ((3, 2), {965}), ((3, 7), {1847})]
[((1, 7), {608, 800, 802, 804, 806, 808, 810, 812, 782, 798, 784, 814, 786, 788, 790, 792, 794, 796, 606}), ((-1, 7), {609, 801, 803, 805, 807, 809, 811, 813, 783, 815, 785, 787, 799, 789, 791, 793, 795, 797, 607}), ((5, 5), {248}), ((-1, 5), {197, 249, 177, 179}), ((4, 5), {176, 178, 196, 860}), ((1, 3), {1400, 521, 1398}), ((-1, 3), {1401, 522, 1591, 1399}), ((3, 4), {1608, 150, 1606}), ((-1, 4), {151, 1609, 849, 1607}), ((1, 2), {44}), ((-1, 2), {565, 45}), ((3, 6), {450}), ((-1, 6), {451}), ((1, 1), {768}), ((-1, 1), {769, 83}), ((3, 2), {564, 965}), ((3, 3), {1590, 1558}), ((3, 7), {1847}), ((2, 1), {82}), ((6, 1), {494}), ((7, 4), {848})]
[((7, 4), {832, 834, 836, 838, 840, 842, 844, 846, 816, 848, 818, 850, 820, 852, 822, 824, 826, 828, 830}), ((-1, 4), {833, 835, 837, 839, 841, 843, 845, 847, 817, 849, 819, 851, 821, 853, 823, 825, 827, 829, 831}), ((5, 5), {206, 210, 280, 218, 216}), ((-1, 5), {217, 197, 207, 211, 281, 219}), ((3, 3), {1590, 1418, 1422}), ((-1, 3), {1419, 1591, 1423}), ((4, 5), {1634, 196, 1638, 1639, 1631}), ((1, 1), {758}), ((-1, 1), {83, 759}), ((7, 8), {664, 668}), ((-1, 8), {665, 669}), ((2, 1), {82}), ((6, 1), {494}), ((3, 2), {564}), ((-1, 2), {565}), ((1, 7), {810}), ((-1, 7), {811})]
[((5, 5), {256, 258, 240, 242, 248, 1657, 250, 254}), ((-1, 5), {257, 255, 259, 249, 868, 870, 872, 874, 876, 878, 251, 880, 241, 882, 243, 884, 857, 859, 863}), ((4, 5), {864, 865, 866, 867, 869, 871, 873, 875, 877, 879, 881, 883, 854, 855, 856, 858, 860, 861, 862}), ((3, 2), {1448, 1450}), ((-1, 2), {712, 1449, 1451, 710}), ((1, 7), {786}), ((-1, 7), {787, 1213}), ((3, 3), {1426, 1428}), ((-1, 3), {1427, 1429}), ((0, 1), {14}), ((-1, 1), {340, 15}), ((0, 7), {1212}), ((2, 1), {1760}), ((5, 1), {339}), ((8, 2), {709, 711})]
[((5, 5), {288, 897, 899, 292, 901, 294, 296, 298, 302, 304, 306, 885, 887, 280, 889, 891, 893, 286, 895}), ((-1, 5), {896, 289, 898, 900, 293, 902, 295, 297, 299, 303, 305, 307, 886, 888, 281, 890, 892, 894, 287}), ((7, 4), {818}), ((-1, 4), {819}), ((3, 2), {1456, 1452}), ((-1, 2), {1777, 29, 1779, 1453}), ((1, 2), {1776, 1778, 28}), ((7, 2), {1224}), ((2, 1), {584, 1492, 1496}), ((-1, 1), {585, 1497, 1493}), ((3, 3), {1055}), ((-1, 3), {1056, 384}), ((1, 3), {383})]
[((5, 1), {323, 325, 903, 905, 329, 907, 331, 909, 333, 911, 913, 339, 341, 343, 345, 347, 349, 318, 351}), ((-1, 1), {352, 324, 326, 904, 906, 330, 908, 332, 910, 334, 912, 914, 340, 53, 342, 344, 346, 348, 350}), ((2, 1), {1798, 1799, 1481, 1802, 1803, 1804, 52}), ((1, 7), {614}), ((-1, 7), {615}), ((3, 1), {1370, 1087}), ((1, 3), {1514, 1520, 1521, 1529, 1531}), ((-1, 3), {1515, 1522, 403, 1530, 1532}), ((1, 2), {34}), ((-1, 2), {35}), ((3, 3), {402}), ((7, 8), {658}), ((-1, 8), {659}), ((8, 2), {694}), ((3, 2), {1461}), ((5, 5), {1674}), ((-1, 5), {872, 1675}), ((4, 5), {871})]
[((1, 3), {385, 355, 387, 383, 361, 377, 363, 367, 112, 369, 915, 371, 917, 379, 919, 921, 923, 925, 927}), ((-1, 3), {928, 384, 386, 356, 388, 362, 364, 378, 368, 113, 370, 916, 372, 918, 920, 380, 922, 924, 926}), ((7, 8), {646}), ((-1, 8), {647}), ((3, 3), {1544, 1545, 1539}), ((2, 1), {58}), ((-1, 1), {1694, 59, 478}), ((3, 6), {434}), ((-1, 6), {435}), ((8, 2), {688}), ((-1, 2), {689, 1732, 1734}), ((5, 1), {1688, 1692, 1693}), ((3, 2), {1731, 1733, 1727}), ((6, 1), {477}), ((1, 7), {620}), ((-1, 7), {621}), ((5, 5), {897}), ((-1, 5), {898})]
[((3, 3), {416, 929, 931, 420, 933, 422, 391, 935, 937, 938, 939, 396, 941, 398, 943, 424, 945, 412, 414}), ((-1, 3), {512, 417, 930, 514, 932, 421, 934, 423, 936, 425, 940, 397, 942, 399, 944, 946, 91, 413, 415}), ((0, 1), {8, 2, 10}), ((-1, 1), {3, 9, 11, 1326, 990}), ((1, 3), {513, 1709, 506, 90, 511}), ((6, 1), {466}), ((2, 1), {989, 1757, 1758, 719}), ((1, 1), {749}), ((7, 8), {652}), ((-1, 8), {653}), ((0, 7), {1206}), ((-1, 7), {1207}), ((7, 2), {1228}), ((-1, 2), {704, 1746, 1229, 1744}), ((8, 2), {703}), ((3, 2), {1745, 1743}), ((3, 4), {158}), ((-1, 4), {159}), ((3, 1), {1325})]
[((3, 2), {961, 963, 535, 965, 966, 967, 969, 971, 973, 975, 947, 949, 951, 953, 955, 540, 957, 542, 959}), ((-1, 2), {960, 962, 964, 968, 970, 972, 45, 974, 47, 976, 948, 950, 23, 952, 954, 956, 541, 958, 543}), ((1, 2), {46, 44, 22}), ((3, 6), {450, 452, 458, 460, 428, 462}), ((-1, 6), {451, 453, 459, 461, 429, 463}), ((8, 2), {683}), ((7, 2), {1220}), ((1, 3), {521, 1013}), ((-1, 3), {522, 1014}), ((2, 1), {1248, 741}), ((-1, 1), {1249, 769, 742}), ((3, 1), {1304}), ((3, 4), {1624, 1622, 150}), ((-1, 4), {1625, 1623, 151}), ((1, 1), {768}), ((1, 7), {802}), ((-1, 7), {1193, 803, 1853}), ((3, 3), {1558}), ((3, 7), {1192, 1852, 1847})]
[((2, 1), {993, 995, 997, 999, 1001, 74, 1003, 977, 594, 979, 82, 981, 84, 983, 985, 987, 572, 989, 991}), ((-1, 1), {992, 994, 996, 998, 1000, 1002, 75, 1004, 978, 595, 980, 83, 982, 85, 984, 986, 988, 573, 990}), ((3, 3), {937, 1043, 1590}), ((-1, 3), {512, 1044, 1591}), ((0, 7), {1200}), ((-1, 7), {1201, 811}), ((1, 3), {1274, 511}), ((3, 1), {1299}), ((7, 2), {1228}), ((-1, 2), {565, 1229}), ((6, 1), {495, 494, 487}), ((4, 5), {196}), ((-1, 5), {197}), ((3, 2), {564}), ((1, 7), {810}), ((7, 4), {848}), ((-1, 4), {849})]
[((1, 3), {1025, 1027, 1029, 1031, 1033, 1035, 1005, 1037, 1007, 1039, 1009, 1011, 1013, 1015, 120, 1017, 1019, 1021, 1023}), ((-1, 3), {1024, 1026, 1028, 1030, 1032, 1034, 1036, 1006, 1038, 1008, 1040, 1010, 1012, 1014, 1016, 121, 1018, 1020, 1022}), ((3, 2), {540}), ((-1, 2), {1789, 541, 1239}), ((2, 1), {1248}), ((-1, 1), {1312, 1249, 777, 1103, 1308, 1310}), ((3, 1), {1102, 1304, 1307, 1309, 1311}), ((1, 7), {640, 638, 630}), ((-1, 7), {641, 639, 631}), ((7, 2), {1238}), ((1, 1), {776}), ((1, 2), {1788})]
[((3, 3), {1057, 1059, 1061, 1063, 1065, 1067, 1069, 1071, 1041, 1073, 1043, 1075, 1045, 1077, 1047, 1049, 1051, 1053, 1055}), ((-1, 3), {1056, 1058, 1060, 1062, 1064, 1066, 1068, 1070, 1072, 1042, 1074, 1044, 1076, 1046, 1078, 1048, 1050, 1052, 1054}), ((2, 1), {584, 1266, 572}), ((-1, 1), {585, 1267, 573}), ((0, 7), {1200}), ((-1, 7), {1201}), ((1, 3), {1146, 1333, 1336, 1337, 1274}), ((3, 1), {1299, 1383}), ((5, 5), {292}), ((-1, 5), {293}), ((1, 2), {1776}), ((-1, 2), {1777}), ((7, 8), {676}), ((-1, 8), {677})]
[((3, 1), {1088, 1090, 1092, 1094, 1096, 1098, 1100, 1102, 1104, 1106, 1108, 1110, 1079, 1112, 1081, 1114, 1083, 1085, 1087}), ((-1, 1), {1089, 1091, 324, 1093, 1095, 1097, 1099, 1101, 1103, 1105, 1107, 1109, 1111, 1080, 1113, 1082, 1115, 1084, 1086}), ((5, 1), {323}), ((1, 7), {630, 614}), ((-1, 7), {631, 615}), ((1, 3), {1514, 1029}), ((-1, 3), {1515, 1030}), ((2, 1), {1798}), ((3, 6), {440}), ((-1, 6), {441}), ((7, 2), {1238}), ((-1, 2), {1239})]
[((1, 3), {1120, 1122, 355, 1124, 1126, 1128, 1130, 1132, 1134, 1136, 1138, 1140, 1142, 1144, 1146, 1147, 1116, 1149, 1118}), ((-1, 3), {1121, 1123, 356, 1125, 1127, 1129, 1131, 1133, 1135, 1137, 1074, 1139, 1141, 1143, 1145, 1148, 1117, 1150, 1119}), ((7, 8), {676, 646}), ((-1, 8), {677, 647}), ((3, 3), {1073, 1539}), ((6, 1), {471}), ((-1, 1), {472, 1267}), ((2, 1), {1266}), ((3, 1), {1383})]
[((3, 3), {1153, 1154, 1156, 1158, 1160, 1162, 1164, 1166, 1168, 1170, 1172, 1174, 1176, 412, 1151}), ((-1, 3), {1152, 1155, 1157, 1159, 1161, 1163, 1165, 1167, 1169, 1171, 501, 1173, 1175, 1177, 413}), ((1, 3), {500}), ((8, 2), {703}), ((-1, 2), {704})]
[((3, 7), {1184, 1186, 1188, 1190, 1192, 1194, 1196, 1178, 1180, 1182}), ((-1, 7), {1185, 1187, 1189, 1191, 1193, 1195, 1197, 1179, 1181, 1183}), ((3, 2), {971, 556}), ((-1, 2), {972, 557}), ((3, 6), {458}), ((-1, 6), {459}), ((2, 1), {741}), ((-1, 1), {742}), ((3, 4), {1622}), ((-1, 4), {1623})]
