Training feature data is .....
[((0, 7), {1216, 1198, 1200, 1202, 1204, 1206, 1208, 1210, 1212, 1214}), ((-1, 7), {1217, 1199, 1201, 1203, 1205, 1207, 1209, 1211, 1213, 1215}), ((2, 1), {1760, 1761, 572, 1757, 1759}), ((-1, 1), {9, 13, 15, 17, 573}), ((3, 3), {1428, 1043, 396}), ((-1, 3), {1044, 397, 1429}), ((1, 3), {1274, 506}), ((3, 1), {1299}), ((0, 1), {8, 16, 12, 14}), ((7, 8), {652}), ((-1, 8), {653}), ((5, 5), {254}), ((-1, 5), {255}), ((4, 5), {864})]
[((7, 2), {1218, 1220, 1221, 1222, 1224, 1225, 1226, 1228, 1230, 1232, 1234, 1236, 1238, 1240, 1242}), ((-1, 2), {1219, 1241, 1223, 1227, 1229, 1231, 1233, 1235, 1237, 23, 25, 1239, 1243, 29, 31}), ((1, 2), {24, 28, 22, 30}), ((3, 6), {428}), ((-1, 6), {429}), ((3, 2), {1456, 535}), ((8, 2), {683}), ((5, 5), {286}), ((-1, 5), {287}), ((1, 3), {1029, 511}), ((-1, 3), {512, 1030}), ((3, 3), {937}), ((2, 1), {989}), ((-1, 1), {990, 1103}), ((1, 7), {630}), ((-1, 7), {631}), ((3, 1), {1102})]
[((2, 1), {1248, 1250, 1252, 1254, 1256, 1258, 74, 1260, 76, 1262, 1264, 50, 1266, 52, 1268, 1270, 1244, 989, 1246}), ((-1, 1), {1249, 1251, 1253, 1255, 1257, 1259, 75, 1261, 77, 1263, 1265, 51, 1267, 53, 1269, 1271, 1245, 990, 1247}), ((5, 1), {318}), ((3, 2), {540}), ((-1, 2), {1229, 541}), ((1, 3), {1146, 1283, 1013, 511}), ((-1, 3), {512, 1074, 1284, 1014}), ((3, 1), {1304, 1383}), ((3, 3), {937, 1073}), ((7, 2), {1228}), ((6, 1), {487}), ((7, 8), {676}), ((-1, 8), {677})]
[((1, 3), {1281, 1283, 1285, 122, 1287, 1289, 511, 108, 1291, 1293, 1295, 112, 1013, 1272, 1274, 1275, 120, 1277, 1279}), ((-1, 3), {1280, 512, 1282, 121, 1284, 1286, 1288, 1290, 1292, 109, 1294, 1296, 113, 1044, 1014, 1273, 123, 1276, 1278}), ((2, 1), {1248, 572, 989, 1254}), ((-1, 1), {1249, 1255, 777, 1306, 573, 990}), ((3, 3), {937, 1043}), ((0, 7), {1200}), ((-1, 7), {1201, 639}), ((3, 1), {1304, 1305, 1299}), ((3, 2), {540}), ((-1, 2), {1229, 1789, 541}), ((7, 2), {1228}), ((1, 7), {638}), ((1, 1), {776}), ((1, 2), {1788})]
[((3, 1), {1313, 1315, 1317, 1319, 1321, 1323, 1325, 1102, 1327, 1297, 1329, 1299, 1300, 1302, 1304, 1305, 1307, 1309, 1311}), ((-1, 1), {1312, 1249, 1314, 1316, 1318, 1320, 1322, 1324, 1326, 1103, 1328, 1298, 1330, 1301, 1303, 1306, 1308, 573, 1310}), ((2, 1), {1248, 572}), ((3, 3), {1841, 1043, 420}), ((-1, 3), {1280, 421, 1030, 1351, 1842, 1044, 1014, 1018, 1020, 1022}), ((0, 7), {1200}), ((-1, 7), {1201, 631}), ((1, 3), {1029, 1350, 1013, 1017, 1274, 1019, 1021, 1279}), ((3, 2), {1745, 540}), ((-1, 2), {1746, 541, 1239}), ((1, 7), {630}), ((7, 2), {1238}), ((3, 4), {156, 158}), ((-1, 4), {157, 159})]
[((1, 3), {1344, 1346, 1348, 1029, 1350, 1146, 1352, 1354, 1338, 1356, 1358, 1331, 1333, 1334, 1336, 1337, 1274, 1340, 1342}), ((-1, 3), {1345, 1347, 1349, 1030, 1351, 1353, 1355, 1357, 1359, 1074, 1332, 1044, 1046, 1335, 1050, 1339, 1052, 1341, 1343}), ((2, 1), {1266, 572}), ((-1, 1), {1320, 1385, 1103, 1267, 573}), ((3, 3), {1577, 1073, 1043, 1045, 1049, 1051}), ((0, 7), {1200}), ((-1, 7), {1201, 631}), ((3, 1), {1383, 1384, 1319, 1102, 1299}), ((3, 4), {140}), ((-1, 4), {141}), ((1, 7), {630}), ((7, 2), {1238}), ((-1, 2), {1239}), ((7, 8), {676}), ((-1, 8), {677})]
[((3, 1), {1377, 1379, 1381, 1383, 1384, 1386, 1102, 1360, 1104, 1362, 1364, 1366, 1079, 1368, 1081, 1370, 1371, 1373, 1375}), ((-1, 1), {1376, 1378, 1380, 1382, 1385, 330, 1387, 1103, 1361, 1105, 1363, 1267, 1365, 1367, 1080, 1369, 1082, 1372, 1374}), ((4, 5), {172}), ((-1, 5), {1675, 173}), ((3, 4), {1602}), ((-1, 4), {1603}), ((1, 2), {34}), ((-1, 2), {35, 1239}), ((5, 1), {329}), ((3, 3), {1073, 402}), ((-1, 3), {1074, 403, 1357, 1030}), ((7, 8), {658, 676}), ((-1, 8), {659, 677}), ((8, 2), {694}), ((3, 2), {1461}), ((1, 3), {1520, 1146, 1356, 1029}), ((5, 5), {1674}), ((2, 1), {1802, 1266}), ((1, 7), {630}), ((-1, 7), {631}), ((7, 2), {1238})]
[((1, 3), {1408, 1410, 1412, 1146, 1414, 361, 1388, 1390, 1134, 1392, 1394, 1138, 1396, 1398, 1400, 1402, 1147, 1404, 1406}), ((-1, 3), {1409, 1411, 1413, 1415, 362, 1389, 1391, 1135, 1393, 1074, 1395, 1139, 1397, 1399, 1401, 1403, 1148, 1405, 1407}), ((5, 5), {204}), ((-1, 5), {177, 179, 205}), ((4, 5), {176, 178, 1630}), ((2, 1), {58, 1266}), ((-1, 1), {59, 1267}), ((3, 6), {434}), ((-1, 6), {435}), ((8, 2), {688}), ((-1, 2), {689}), ((3, 3), {1544, 1073}), ((5, 1), {1688}), ((3, 2), {1727}), ((1, 7), {792, 790}), ((-1, 7), {793, 791}), ((3, 4), {1608, 1606}), ((-1, 4), {1609, 1607}), ((7, 8), {676}), ((-1, 8), {677}), ((3, 1), {1383})]
[((3, 3), {1440, 1442, 1444, 1446, 391, 1416, 1418, 1420, 1422, 1424, 1426, 1170, 1428, 1172, 1430, 1432, 1434, 1436, 1438}), ((-1, 3), {1441, 1443, 1445, 1447, 1417, 1419, 1421, 1423, 1425, 1427, 1435, 1429, 1171, 1431, 1173, 1433, 91, 1437, 1439}), ((0, 1), {2, 14}), ((-1, 1), {3, 15}), ((1, 3), {90}), ((6, 1), {466}), ((2, 1), {1760, 719}), ((1, 1), {749}), ((5, 5), {264, 206, 210, 1657, 254}), ((-1, 5), {265, 207, 211, 863, 255}), ((7, 4), {824, 820}), ((-1, 4), {825, 821}), ((4, 5), {864, 1634, 862, 1631}), ((0, 7), {1212}), ((-1, 7), {1213})]
[((5, 5), {1674, 1676, 240, 242, 310, 887, 286}), ((-1, 5), {1675, 1677, 241, 243, 311, 888, 287}), ((4, 5), {854, 855}), ((3, 2), {1473, 1475, 965, 1477, 1479, 1448, 1450, 1452, 1454, 1456, 1457, 1459, 1461, 1462, 1463, 1465, 1467, 1469, 1471}), ((-1, 2), {1472, 1474, 35, 1476, 37, 1478, 1480, 1449, 1451, 1453, 45, 1455, 1458, 1460, 1464, 1466, 1468, 29, 1470}), ((1, 2), {34, 28, 36, 44}), ((7, 2), {1224}), ((5, 1), {329}), ((-1, 1), {769, 330}), ((3, 3), {402, 1558}), ((-1, 3), {522, 403}), ((7, 8), {658}), ((-1, 8), {659}), ((8, 2), {694}), ((3, 1), {1370}), ((1, 3), {1520, 521}), ((2, 1), {1802}), ((3, 4), {150}), ((-1, 4), {151}), ((3, 6), {450}), ((-1, 6), {451}), ((1, 1), {768}), ((1, 7), {802}), ((-1, 7), {803}), ((3, 7), {1847})]
[((5, 1), {1688, 1689, 318, 903}), ((-1, 1), {1501, 1505, 1507, 904, 585, 1483, 1485, 1487, 1489, 1491, 83, 53, 1493, 1495, 1499, 1497, 59, 61, 1503}), ((2, 1), {1504, 1506, 584, 1481, 1482, 1484, 1486, 1488, 1498, 1490, 82, 52, 1492, 1494, 1496, 58, 1500, 60, 1502}), ((1, 3), {361}), ((-1, 3), {1056, 362, 1591}), ((3, 6), {434}), ((-1, 6), {435}), ((8, 2), {688}), ((-1, 2), {689, 565, 1777}), ((3, 3), {1544, 1590, 1055}), ((3, 2), {564, 1727}), ((5, 5), {298, 292, 302}), ((-1, 5), {197, 299, 293, 303}), ((1, 2), {1776}), ((4, 5), {196}), ((6, 1), {494}), ((1, 7), {810}), ((-1, 7), {811}), ((7, 4), {848}), ((-1, 4), {849})]
[((1, 3), {1508, 1510, 1512, 1514, 1516, 1518, 1520, 1521, 112, 1523, 114, 1525, 1531, 1527, 1529, 90, 923, 1533, 1535}), ((-1, 3), {1536, 1509, 1511, 1513, 1515, 1517, 1532, 1519, 113, 1522, 403, 1524, 115, 1526, 1528, 1530, 91, 924, 1534}), ((0, 1), {2}), ((-1, 1), {3, 324, 330, 332, 346, 348}), ((3, 3), {402, 391}), ((6, 1), {466}), ((2, 1), {1802, 1803, 1798, 719}), ((1, 1), {749}), ((5, 1), {323, 329, 331, 345, 347}), ((1, 7), {614}), ((-1, 7), {615}), ((3, 1), {1370, 1087}), ((1, 2), {34}), ((-1, 2), {35}), ((7, 8), {658}), ((-1, 8), {659}), ((8, 2), {694}), ((3, 2), {1461}), ((5, 5), {1674}), ((-1, 5), {1675})]
[((3, 3), {1537, 1539, 1540, 420, 1542, 1544, 1545, 1546, 1548, 1550, 1552, 945, 1554, 1556, 1558, 1559, 1561, 1563, 1565}), ((-1, 3), {1538, 356, 1541, 421, 1543, 362, 1547, 364, 1549, 522, 1551, 1553, 946, 1555, 1557, 1560, 1562, 1564, 1566}), ((1, 3), {363, 361, 355, 521}), ((7, 8), {646}), ((-1, 8), {647}), ((2, 1), {64, 58, 66}), ((-1, 1), {65, 769, 67, 1326, 59}), ((3, 6), {450, 434}), ((-1, 6), {435, 451}), ((8, 2), {688}), ((-1, 2), {45, 1744, 689, 1746, 1748}), ((5, 1), {1688}), ((3, 2), {965, 1743, 1745, 1747, 1727}), ((1, 2), {44}), ((3, 4), {160, 158, 150}), ((-1, 4), {159, 161, 151}), ((1, 1), {768}), ((1, 7), {802}), ((-1, 7), {803}), ((3, 7), {1847}), ((3, 1), {1325})]
[((3, 3), {1569, 1571, 1573, 1574, 391, 1575, 1577, 1578, 1580, 1582, 1584, 1586, 1588, 1590, 1592, 1594, 412, 414, 1567}), ((-1, 3), {1568, 97, 1570, 99, 1572, 1576, 1579, 1581, 1583, 1585, 1587, 1589, 1591, 1593, 91, 1595, 1341, 413, 415}), ((0, 1), {2}), ((-1, 1), {83, 3}), ((1, 3), {96, 90, 1340, 98}), ((6, 1), {466, 494}), ((2, 1), {82, 719}), ((1, 1), {749}), ((3, 4), {140}), ((-1, 4), {849, 141}), ((8, 2), {703}), ((-1, 2), {704, 565}), ((4, 5), {196}), ((-1, 5), {197}), ((3, 2), {564}), ((1, 7), {810}), ((-1, 7), {811}), ((7, 4), {848})]
[((3, 4), {128, 1600, 1602, 1604, 1606, 1608, 1610, 1624, 1612, 1614, 1616, 1618, 1620, 150, 1622, 152, 1626, 1596, 1598}), ((-1, 4), {1601, 129, 1603, 1605, 1623, 1607, 1609, 1611, 1613, 1615, 1625, 1617, 1619, 1621, 151, 153, 1627, 1597, 1599}), ((4, 5), {176, 178, 180, 172}), ((-1, 5), {177, 179, 173, 181}), ((3, 1), {1364}), ((-1, 1), {769, 1365, 742}), ((1, 7), {792, 802, 790}), ((-1, 7), {803, 1193, 791, 793, 1853}), ((1, 3), {1400, 521, 1398}), ((-1, 3), {1401, 522, 1399}), ((1, 2), {44}), ((-1, 2), {972, 45, 974}), ((3, 6), {458, 450, 460}), ((-1, 6), {451, 461, 459}), ((1, 1), {768}), ((3, 2), {973, 971, 965}), ((3, 3), {1558}), ((3, 7), {1192, 1852, 1847}), ((2, 1), {741})]
[((4, 5), {1632, 1634, 1635, 1636, 196, 1638, 1639, 1640, 1641, 198, 1643, 1645, 1647, 1649, 188, 1651, 1628, 1630, 1631}), ((-1, 5), {1633, 1637, 197, 199, 1642, 1644, 205, 1646, 207, 1648, 1650, 211, 1652, 213, 189, 221, 217, 219, 1629}), ((5, 5), {204, 206, 210, 212, 216, 218, 220}), ((1, 3), {1390}), ((-1, 3), {1423, 1419, 1591, 1391}), ((7, 4), {832, 848, 820, 824, 830}), ((-1, 4), {833, 849, 821, 825, 831}), ((3, 3), {1590, 1418, 1422}), ((1, 1), {758}), ((-1, 1), {83, 759}), ((2, 1), {82}), ((6, 1), {494}), ((3, 2), {564}), ((-1, 2), {565}), ((1, 7), {810}), ((-1, 7), {811})]
[((5, 5), {256, 1664, 258, 1666, 264, 266, 1662, 268, 234, 240, 242, 1653, 1658, 1655, 248, 1657, 250, 1660, 254}), ((-1, 5), {257, 1665, 255, 259, 1667, 1659, 265, 267, 235, 269, 1663, 241, 243, 1654, 1656, 249, 251, 1661, 863}), ((4, 5), {864, 865, 866, 854, 855, 860, 861, 862}), ((3, 2), {1448, 1450}), ((-1, 2), {1449, 1451}), ((1, 7), {786}), ((-1, 7), {787, 1213}), ((3, 3), {1426, 1428, 1438}), ((-1, 3), {1427, 1429, 1439}), ((0, 1), {14}), ((-1, 1), {15}), ((0, 7), {1212}), ((2, 1), {1760})]
[((5, 5), {288, 312, 1668, 1670, 1672, 1674, 298, 1676, 1678, 302, 1680, 304, 306, 1682, 310, 887, 280, 314, 286}), ((-1, 5), {289, 1669, 1671, 313, 1673, 1675, 299, 1677, 1679, 303, 1681, 305, 307, 1683, 311, 888, 281, 315, 287}), ((7, 4), {818}), ((-1, 4), {819}), ((3, 2), {1475, 1452, 1456, 1461, 1462}), ((-1, 2), {35, 1476, 37, 1453, 29}), ((1, 2), {34, 28, 36}), ((7, 2), {1224}), ((5, 1), {329}), ((-1, 1), {1497, 330, 1493}), ((3, 3), {402}), ((-1, 3), {403}), ((7, 8), {658}), ((-1, 8), {659}), ((8, 2), {694}), ((3, 1), {1370}), ((1, 3), {1520}), ((2, 1), {1496, 1802, 1492})]
[((5, 1), {1697, 1699, 1701, 351, 903, 345, 349, 339, 1684, 341, 1686, 1688, 1689, 1690, 347, 1692, 1693, 318, 1695}), ((-1, 1), {1696, 350, 1698, 352, 1700, 1702, 904, 1694, 340, 53, 1685, 1687, 342, 348, 346, 59, 1691, 61, 478}), ((2, 1), {1481, 58, 52, 60}), ((1, 3), {361, 367, 369, 1529, 1531}), ((-1, 3), {362, 368, 370, 1530, 1532}), ((3, 6), {434}), ((-1, 6), {435}), ((8, 2), {688}), ((-1, 2), {689, 1732, 1734}), ((3, 3), {1544}), ((3, 2), {1731, 1733, 1727}), ((6, 1), {477}), ((1, 7), {620}), ((-1, 7), {621}), ((4, 5), {871}), ((-1, 5), {872})]
[((1, 3), {385, 90, 1703, 1705, 1707, 1709, 1710, 1520, 1712, 1713, 1714, 112, 114, 1716, 1718, 1720, 506, 923, 383}), ((-1, 3), {384, 386, 1704, 1719, 1706, 1708, 397, 399, 1711, 113, 403, 1715, 405, 115, 407, 1717, 1721, 91, 924}), ((0, 1), {8, 2, 10, 4}), ((-1, 1), {3, 5, 9, 330, 11}), ((3, 3), {391, 396, 398, 402, 404, 406}), ((6, 1), {466}), ((2, 1), {1802, 1757, 1758, 719}), ((1, 1), {749}), ((7, 8), {660, 658, 652}), ((-1, 8), {659, 653, 661}), ((0, 7), {1206}), ((-1, 7), {1207}), ((1, 2), {34}), ((-1, 2), {35}), ((5, 1), {329}), ((8, 2), {694}), ((3, 1), {1370}), ((3, 2), {1461}), ((5, 5), {897, 1674}), ((-1, 5), {898, 1675})]
[((1, 2), {46, 20, 22, 44}), ((-1, 2), {1730, 1732, 1734, 1736, 1738, 1740, 45, 1742, 47, 1744, 689, 1746, 691, 1748, 21, 1750, 23, 1724, 1726}), ((3, 2), {1728, 1729, 1731, 1733, 965, 1735, 966, 1737, 1739, 1741, 1743, 1745, 1747, 1749, 535, 1722, 1723, 1725, 1727}), ((3, 6), {450, 452, 454, 428, 434, 436}), ((-1, 6), {451, 453, 455, 429, 435, 437}), ((8, 2), {688, 690, 683}), ((7, 2), {1220}), ((2, 1), {58}), ((-1, 1), {769, 478, 1326, 59, 1694}), ((1, 3), {361, 521, 369, 367}), ((-1, 3), {421, 362, 522, 368, 946, 370, 1564}), ((3, 3), {420, 1544, 945, 1558, 1563}), ((5, 1), {1688, 1692, 1693}), ((6, 1), {477}), ((1, 7), {802, 620}), ((-1, 7), {803, 621}), ((3, 4), {160, 158, 150}), ((-1, 4), {159, 161, 151}), ((1, 1), {768}), ((3, 7), {1847}), ((3, 1), {1325})]
[((2, 1), {1760, 1761, 1762, 1763, 736, 1765, 70, 1767, 1769, 74, 719, 82, 84, 1751, 1753, 1755, 1757, 1758, 1759}), ((-1, 1), {3, 1764, 1766, 71, 1768, 9, 489, 11, 75, 13, 15, 17, 497, 19, 83, 85, 1752, 1754, 1756}), ((0, 1), {2, 8, 10, 12, 14, 16, 18}), ((1, 3), {90, 506, 1709}), ((-1, 3), {397, 399, 1429, 1591, 91}), ((3, 3), {391, 396, 398, 1428, 1590}), ((6, 1), {487, 488, 494, 495, 496, 466}), ((1, 1), {749}), ((7, 8), {652}), ((-1, 8), {653}), ((0, 7), {1210, 1212, 1206, 1214}), ((-1, 7), {811, 1207, 1211, 1213, 1215}), ((5, 5), {254}), ((-1, 5), {197, 255}), ((4, 5), {864, 196}), ((3, 2), {564}), ((-1, 2), {565}), ((1, 7), {810}), ((7, 4), {848}), ((-1, 4), {849})]
[((1, 2), {1792, 1788, 1770, 1772, 44, 1774, 46, 1776, 1784, 1778, 48, 1780, 1790, 22, 1782, 24, 1786, 28, 30}), ((-1, 2), {1793, 1789, 1771, 1783, 1773, 45, 1775, 47, 1777, 49, 1779, 1791, 1781, 1785, 23, 25, 1787, 29, 31}), ((3, 6), {450, 452, 428}), ((-1, 6), {453, 451, 429}), ((3, 2), {1456, 965, 966, 535}), ((8, 2), {683}), ((7, 2), {1224, 1225, 1220, 1221}), ((5, 5), {294, 292, 286}), ((-1, 5), {295, 293, 287}), ((2, 1), {584}), ((-1, 1), {585, 779, 769, 777}), ((3, 3), {1558, 1055}), ((-1, 3), {1056, 522, 530, 119, 121}), ((3, 4), {150}), ((-1, 4), {151}), ((1, 3), {120, 521, 118, 529}), ((1, 1), {768, 776, 778}), ((1, 7), {802, 638}), ((-1, 7), {803, 639}), ((3, 7), {1847})]
[((2, 1), {1794, 1796, 1798, 1799, 1800, 1802, 1803, 1804, 1805, 74, 1807, 76, 1809, 50, 1811, 52, 82, 84, 86}), ((-1, 1), {1795, 324, 1797, 326, 1801, 330, 75, 332, 77, 334, 1806, 1808, 1810, 51, 1812, 53, 83, 85, 87}), ((5, 1), {323, 325, 329, 331, 333, 318}), ((1, 7), {810, 614}), ((-1, 7), {811, 615}), ((3, 1), {1370, 1087}), ((1, 3), {1520, 1521, 1514}), ((-1, 3), {1522, 1515, 403, 1591}), ((1, 2), {34}), ((-1, 2), {35, 565}), ((3, 3), {402, 1590}), ((7, 8), {658}), ((-1, 8), {659}), ((8, 2), {694}), ((3, 2), {564, 1461}), ((5, 5), {1674}), ((-1, 5), {1675, 197}), ((6, 1), {495, 494, 487}), ((4, 5), {196}), ((7, 4), {848}), ((-1, 4), {849})]
[((1, 3), {1825, 355, 1827, 1126, 1128, 361, 377, 363, 108, 112, 379, 1813, 1815, 120, 1817, 122, 1819, 1821, 1823}), ((-1, 3), {1824, 121, 1826, 356, 1828, 1127, 1129, 362, 364, 109, 378, 113, 1814, 1816, 380, 1818, 123, 1820, 1822}), ((7, 8), {646}), ((-1, 8), {647}), ((3, 3), {1544, 1545, 1539}), ((2, 1), {58}), ((-1, 1), {777, 59}), ((3, 6), {434}), ((-1, 6), {435}), ((8, 2), {688}), ((-1, 2), {689, 1789}), ((5, 1), {1688}), ((3, 2), {1727}), ((1, 7), {638}), ((-1, 7), {639}), ((1, 1), {776}), ((1, 2), {1788})]
[((3, 3), {1154, 420, 1829, 1158, 1831, 391, 1833, 422, 1835, 424, 1837, 1839, 1841, 412, 414}), ((-1, 3), {1155, 421, 1830, 1159, 1832, 423, 1834, 425, 1836, 1838, 1840, 1842, 91, 413, 415}), ((0, 1), {2}), ((-1, 1), {3, 1324, 1326}), ((1, 3), {90}), ((6, 1), {466}), ((2, 1), {719}), ((1, 1), {749}), ((8, 2), {703}), ((-1, 2), {704, 1746}), ((3, 4), {156, 158}), ((-1, 4), {157, 159}), ((3, 1), {1323, 1325}), ((3, 2), {1745})]
[((3, 7), {1852, 1192, 1850, 1843, 1845, 1847, 1848, 1178, 1180, 1854}), ((-1, 7), {1851, 803, 1193, 1853, 1844, 1846, 1849, 1179, 1181, 1855}), ((1, 2), {44}), ((-1, 2), {972, 45, 974}), ((3, 4), {1624, 1622, 150}), ((-1, 4), {1625, 1623, 151}), ((3, 6), {458, 450, 460}), ((-1, 6), {451, 461, 459}), ((1, 3), {521}), ((-1, 3), {522}), ((1, 1), {768}), ((-1, 1), {769, 742}), ((1, 7), {802}), ((3, 2), {973, 971, 965}), ((3, 3), {1558}), ((2, 1), {741})]
